[0,10,0],
[8,5,1],
[9,-4,2],
[1,-9,3],
[-7,-6,4],
[-9,2,5],
[-2,9,6],
[6,7,7],
[9,-1,8],
[4,-9,9],
[-5,-8,10],
[-9,0,11],
[-5,8,12],
[4,9,13],
[9,1,14],
[6,-7,15],
[-2,-9,16],
[-9,-2,17],
[-7,6,18],
[1,9,19],
[9,4,20],
[8,-5,21],
[0,-9,22],
[-8,-5,23],
[-9,4,24],
[-1,9,25],
[7,6,26],
[9,-2,27],
[2,-9,28],
[-6,-7,29],
[-9,1,30],
[-4,9,31],
[5,8,32],
[9,0,33],
[5,-8,34],
[-4,-9,35],
[-9,-1,36],
[-6,7,37],
[2,9,38],
[9,2,39],
[7,-6,40],
[-1,-9,41],
[-9,-3,42],
[-8,5,43],
[0,9,44],
[8,5,45],
[9,-4,46],
[1,-9,47],
[-7,-6,48],
[-9,3,49],
[-2,9,50],
[6,7,51],
[9,-1,52],
[3,-9,53],
[-5,-8,54],
[-9,0,55],
[-5,8,56],
[4,8,57],
[9,1,58],
[6,-7,59],
[-3,-9,60],
[-9,-2,61],
[-7,6,62],
[1,9,63],
[9,3,64],
[8,-5,65],
[0,-9,66],
[-8,-5,67],
[-8,4,68],
[-1,9,69],
[7,6,70],
[9,-3,71],
[2,-9,72],
[-6,-7,73],
[-9,1,74],
[-3,9,75],
[5,8,76],
[9,0,77],
[5,-8,78],
[-4,-8,79],
[-9,-1,80],
[-6,7,81],
[3,9,82],
[9,2,83],
[7,-6,84],
[-1,-9,85],
[-9,-3,86],
[-8,5,87],
[0,9,88],
[8,5,89],
[8,-4,90],
[1,-9,91],
[-7,-6,92],
[-9,3,93],
[-2,9,94],
[6,7,95],
[9,-1,96],
[3,-9,97],
[-5,-8,98],
[-9,0,99],
[-5,8,100],
[4,8,101],
[9,1,102],
[6,-7,103],
[-3,-9,104],
[-9,-2,105],
[-7,6,106],
[1,9,107],
[9,3,108],
[8,-5,109],
[0,-9,110],
[-8,-5,111],
[-8,4,112],
[0,9,113],
[7,6,114],
[9,-3,115],
[2,-9,116],
[-6,-7,117],
[-9,1,118],
[-3,9,119],
[5,8,120],
[9,0,121],
[4,-8,122],
[-4,-8,123],
[-9,0,124],
[-6,7,125],
[3,9,126],
[9,2,127],
[7,-6,128],
[-1,-9,129],
[-9,-3,130],
[-8,5,131],
[0,9,132],
[8,4,133],
[8,-4,134],
[0,-9,135],
[-7,-6,136],
[-9,3,137],
[-2,9,138],
[6,7,139],
[9,-1,140],
[3,-9,141],
[-5,-8,142],
[-9,0,143],
[-4,8,144],
[4,8,145],
[9,0,146],
[6,-7,147],
[-3,-9,148],
[-9,-2,149],
[-7,6,150],
[2,9,151],
[9,3,152],
[8,-5,153],
[0,-9,154],
[-8,-4,155],
[-8,4,156],
[0,9,157],
[7,6,158],
[9,-3,159],
[2,-9,160],
[-7,-7,161],
[-9,2,162],
[-3,9,163],
[5,8,164],
[9,0,165],
[4,-8,166],
[-4,-8,167],
[-9,0,168],
[-6,7,169],
[3,9,170],
[9,2,171],
[7,-7,172],
[-2,-9,173],
[-9,-3,174],
[-8,5,175],
[0,9,176],
[8,4,177],
[8,-4,178],
[0,-9,179],
[-8,-5,180],
[-9,3,181],
[-2,9,182],
[7,7,183],
[9,-2,184],
[3,-9,185],
[-6,-7,186],
[-9,0,187],
[-4,8,188],
[4,8,189],
[9,0,190],
[5,-8,191],
[-3,-9,192],
[-9,-2,193],
[-7,7,194],
[2,9,195],
[9,3,196],
[7,-6,197],
[0,-9,198],
[-8,-4,199],
[-8,4,200],
[0,9,201],
[8,5,202],
[9,-3,203],
[2,-9,204],
[-7,-6,205],
[-9,2,206],
[-3,9,207],
[6,7,208],
[9,0,209],
[4,-8,210],
[-4,-8,211],
[-9,0,212],
[-5,8,213],
[3,9,214],
[9,1,215],
[6,-7,216],
[-2,-9,217],
[-9,-3,218],
[-7,6,219],
[0,9,220],
[8,4,221],
[8,-4,222],
[0,-9,223],
[-8,-5,224],
[-9,3,225],
[-1,9,226],
[7,6,227],
[9,-2,228],
[3,-9,229],
[-6,-7,230],
[-9,0,231],
[-4,8,232],
[4,8,233],
[9,0,234],
[5,-8,235],
[-3,-9,236],
[-9,-1,237],
[-6,7,238],
[2,9,239],
[9,3,240],
[7,-6,241],
[0,-9,242],
[-8,-4,243],
[-8,5,244],
[0,9,245],
[8,5,246],
[9,-3,247],
[1,-9,248],
[-7,-6,249],
[-9,2,250],
[-3,9,251],
[6,7,252],
[9,-1,253],
[4,-8,254],
[-5,-8,255],
[-9,0,256],
[-5,8,257],
[3,9,258],
[9,1,259],
[6,-7,260],
[-2,-9,261],
[-9,-3,262],
[-7,6,263],
[1,9,264],
[8,4,265],
[8,-5,266],
[0,-9,267],
[-8,-5,268],
[-9,3,269],
[-1,9,270],
[7,6,271],
[9,-2,272],
[3,-9,273],
[-6,-7,274],
[-9,1,275],
[-4,8,276],
[5,8,277],
[9,0,278],
[5,-8,279],
[-3,-9,280],
[-9,-1,281],
[-6,7,282],
[2,9,283],
[9,3,284],
[7,-6,285],
[-1,-9,286],
[-8,-4,287],
[-8,5,288],
[0,9,289],
[8,5,290],
[9,-3,291],
[1,-9,292],
[-7,-6,293],
[-9,2,294],
[-3,9,295],
[6,7,296],
[9,-1,297],
[4,-8,298],
[-5,-8,299],
